'ENTROPY NONEQ '                    CS 6-9-19 EOS= SRK
    16   16
     .101353E+06    .121623E+06    .141894E+06    .162164E+06    .182435E+06
     .202705E+06    .222976E+06    .243246E+06    .263517E+06    .283787E+06
     .304058E+06    .324328E+06    .344599E+06    .364869E+06    .385140E+06
     .405410E+06
     .169542E-06    .428571E+01    .857143E+01    .128571E+02    .155600E+02
     .171429E+02    .214286E+02    .257143E+02    .300000E+02    .342857E+02
     .385714E+02    .428571E+02    .471429E+02    .514286E+02    .557143E+02
     .600000E+02
     .100000E+10    .100000E+10    .100000E+10    .100000E+10    .100000E+10
     .100000E+10    .100000E+10    .100000E+10    .100000E+10    .100000E+10
     .100000E+10    .100000E+10    .100000E+10    .100000E+10    .100000E+10
     .100000E+10
     .000000E+00    .000000E+00    .000000E+00    .000000E+00    .000000E+00
     .000000E+00    .000000E+00    .000000E+00    .000000E+00    .000000E+00
     .000000E+00    .000000E+00    .000000E+00    .000000E+00    .000000E+00
     .000000E+00
 GAS DENSITY (KG/M3)
     .264425E+01    .264425E+01    .264425E+01    .264425E+01    .264425E+01
     .264425E+01    .264425E+01    .264425E+01    .264425E+01    .264425E+01
     .264425E+01    .264425E+01    .264425E+01    .264425E+01    .264425E+01
     .264425E+01
     .318565E+01    .318565E+01    .318565E+01    .318565E+01    .318565E+01
     .318565E+01    .318565E+01    .318565E+01    .318565E+01    .318565E+01
     .318565E+01    .318565E+01    .318565E+01    .318565E+01    .318565E+01
     .318565E+01
     .372705E+01    .372705E+01    .372705E+01    .372705E+01    .372705E+01
     .372705E+01    .372705E+01    .372705E+01    .372705E+01    .372705E+01
     .372705E+01    .372705E+01    .372705E+01    .372705E+01    .372705E+01
     .372705E+01
     .426844E+01    .426844E+01    .426844E+01    .426844E+01    .426844E+01
     .426844E+01    .426844E+01    .426844E+01    .426844E+01    .426844E+01
     .426844E+01    .426844E+01    .426844E+01    .426844E+01    .426844E+01
     .426844E+01
     .480984E+01    .480984E+01    .480984E+01    .480984E+01    .480984E+01
     .480984E+01    .480984E+01    .480984E+01    .480984E+01    .480984E+01
     .480984E+01    .480984E+01    .480984E+01    .480984E+01    .480984E+01
     .480984E+01
     .535124E+01    .535124E+01    .535124E+01    .535124E+01    .535124E+01
     .535124E+01    .535124E+01    .535124E+01    .535124E+01    .535124E+01
     .535124E+01    .535124E+01    .535124E+01    .535124E+01    .535124E+01
     .535124E+01
     .589264E+01    .589264E+01    .589264E+01    .589264E+01    .589264E+01
     .589264E+01    .589264E+01    .589264E+01    .589264E+01    .589264E+01
     .589264E+01    .589264E+01    .589264E+01    .589264E+01    .589264E+01
     .589264E+01
     .643403E+01    .643403E+01    .643403E+01    .643403E+01    .643403E+01
     .643403E+01    .643403E+01    .643403E+01    .643403E+01    .643403E+01
     .643403E+01    .643403E+01    .643403E+01    .643403E+01    .643403E+01
     .643403E+01
     .697543E+01    .697543E+01    .697543E+01    .697543E+01    .697543E+01
     .697543E+01    .697543E+01    .697543E+01    .697543E+01    .697543E+01
     .697543E+01    .697543E+01    .697543E+01    .697543E+01    .697543E+01
     .697543E+01
     .751683E+01    .751683E+01    .751683E+01    .751683E+01    .751683E+01
     .751683E+01    .751683E+01    .751683E+01    .751683E+01    .751683E+01
     .751683E+01    .751683E+01    .751683E+01    .751683E+01    .751683E+01
     .751683E+01
     .805822E+01    .805822E+01    .805822E+01    .805822E+01    .805822E+01
     .805822E+01    .805822E+01    .805822E+01    .805822E+01    .805822E+01
     .805822E+01    .805822E+01    .805822E+01    .805822E+01    .805822E+01
     .805822E+01
     .859962E+01    .859962E+01    .859962E+01    .859962E+01    .859962E+01
     .859962E+01    .859962E+01    .859962E+01    .859962E+01    .859962E+01
     .859962E+01    .859962E+01    .859962E+01    .859962E+01    .859962E+01
     .859962E+01
     .914102E+01    .914102E+01    .914102E+01    .914102E+01    .914102E+01
     .914102E+01    .914102E+01    .914102E+01    .914102E+01    .914102E+01
     .914102E+01    .914102E+01    .914102E+01    .914102E+01    .914102E+01
     .914102E+01
     .968242E+01    .968242E+01    .968242E+01    .968242E+01    .968242E+01
     .968242E+01    .968242E+01    .968242E+01    .968242E+01    .968242E+01
     .968242E+01    .968242E+01    .968242E+01    .968242E+01    .968242E+01
     .968242E+01
     .102238E+02    .102238E+02    .102238E+02    .102238E+02    .102238E+02
     .102238E+02    .102238E+02    .102238E+02    .102238E+02    .102238E+02
     .102238E+02    .102238E+02    .102238E+02    .102238E+02    .102238E+02
     .102238E+02
     .107652E+02    .107652E+02    .107652E+02    .107652E+02    .107652E+02
     .107652E+02    .107652E+02    .107652E+02    .107652E+02    .107652E+02
     .107652E+02    .107652E+02    .107652E+02    .107652E+02    .107652E+02
     .107652E+02
 LIQUID DENSITY (KG/M3)
     .856781E+03    .855004E+03    .853198E+03    .851361E+03    .850187E+03
     .849494E+03    .847596E+03    .845667E+03    .843705E+03    .841711E+03
     .839683E+03    .837622E+03    .835526E+03    .833395E+03    .831228E+03
     .829025E+03
     .856793E+03    .855016E+03    .853210E+03    .851374E+03    .850200E+03
     .849508E+03    .847610E+03    .845681E+03    .843720E+03    .841726E+03
     .839699E+03    .837638E+03    .835543E+03    .833413E+03    .831247E+03
     .829044E+03
     .856804E+03    .855028E+03    .853222E+03    .851387E+03    .850213E+03
     .849521E+03    .847624E+03    .845695E+03    .843735E+03    .841741E+03
     .839715E+03    .837655E+03    .835560E+03    .833430E+03    .831265E+03
     .829063E+03
     .856815E+03    .855039E+03    .853234E+03    .851399E+03    .850226E+03
     .849534E+03    .847637E+03    .845709E+03    .843749E+03    .841757E+03
     .839731E+03    .837671E+03    .835577E+03    .833448E+03    .831284E+03
     .829083E+03
     .856826E+03    .855051E+03    .853247E+03    .851412E+03    .850239E+03
     .849547E+03    .847651E+03    .845724E+03    .843764E+03    .841772E+03
     .839747E+03    .837688E+03    .835595E+03    .833466E+03    .831302E+03
     .829102E+03
     .856838E+03    .855063E+03    .853259E+03    .851425E+03    .850252E+03
     .849560E+03    .847665E+03    .845738E+03    .843779E+03    .841787E+03
     .839763E+03    .837704E+03    .835612E+03    .833484E+03    .831321E+03
     .829121E+03
     .856849E+03    .855074E+03    .853271E+03    .851437E+03    .850265E+03
     .849573E+03    .847678E+03    .845752E+03    .843794E+03    .841803E+03
     .839779E+03    .837721E+03    .835629E+03    .833502E+03    .831340E+03
     .829141E+03
     .856860E+03    .855086E+03    .853283E+03    .851450E+03    .850278E+03
     .849586E+03    .847692E+03    .845766E+03    .843808E+03    .841818E+03
     .839795E+03    .837738E+03    .835646E+03    .833520E+03    .831358E+03
     .829160E+03
     .856871E+03    .855098E+03    .853295E+03    .851463E+03    .850291E+03
     .849600E+03    .847706E+03    .845780E+03    .843823E+03    .841833E+03
     .839811E+03    .837754E+03    .835663E+03    .833538E+03    .831377E+03
     .829179E+03
     .856882E+03    .855109E+03    .853307E+03    .851475E+03    .850304E+03
     .849613E+03    .847719E+03    .845795E+03    .843838E+03    .841849E+03
     .839827E+03    .837771E+03    .835681E+03    .833556E+03    .831395E+03
     .829199E+03
     .856894E+03    .855121E+03    .853319E+03    .851488E+03    .850317E+03
     .849626E+03    .847733E+03    .845809E+03    .843853E+03    .841864E+03
     .839843E+03    .837787E+03    .835698E+03    .833574E+03    .831414E+03
     .829218E+03
     .856905E+03    .855133E+03    .853331E+03    .851500E+03    .850330E+03
     .849639E+03    .847747E+03    .845823E+03    .843867E+03    .841879E+03
     .839858E+03    .837804E+03    .835715E+03    .833591E+03    .831432E+03
     .829237E+03
     .856916E+03    .855144E+03    .853344E+03    .851513E+03    .850343E+03
     .849652E+03    .847760E+03    .845837E+03    .843882E+03    .841895E+03
     .839874E+03    .837820E+03    .835732E+03    .833609E+03    .831451E+03
     .829256E+03
     .856927E+03    .855156E+03    .853356E+03    .851526E+03    .850356E+03
     .849665E+03    .847774E+03    .845851E+03    .843897E+03    .841910E+03
     .839890E+03    .837837E+03    .835749E+03    .833627E+03    .831469E+03
     .829276E+03
     .856938E+03    .855168E+03    .853368E+03    .851538E+03    .850369E+03
     .849678E+03    .847787E+03    .845865E+03    .843912E+03    .841925E+03
     .839906E+03    .837853E+03    .835767E+03    .833645E+03    .831488E+03
     .829295E+03
     .856950E+03    .855179E+03    .853380E+03    .851551E+03    .850382E+03
     .849691E+03    .847801E+03    .845880E+03    .843926E+03    .841941E+03
     .839922E+03    .837870E+03    .835784E+03    .833663E+03    .831506E+03
     .829314E+03
 DRHOG/DP (S2/M2)
     .267086E-04    .267086E-04    .267086E-04    .267086E-04    .267086E-04
     .267086E-04    .267086E-04    .267086E-04    .267086E-04    .267086E-04
     .267086E-04    .267086E-04    .267086E-04    .267086E-04    .267086E-04
     .267086E-04
     .267086E-04    .267086E-04    .267086E-04    .267086E-04    .267086E-04
     .267086E-04    .267086E-04    .267086E-04    .267086E-04    .267086E-04
     .267086E-04    .267086E-04    .267086E-04    .267086E-04    .267086E-04
     .267086E-04
     .267086E-04    .267086E-04    .267086E-04    .267086E-04    .267086E-04
     .267086E-04    .267086E-04    .267086E-04    .267086E-04    .267086E-04
     .267086E-04    .267086E-04    .267086E-04    .267086E-04    .267086E-04
     .267086E-04
     .267086E-04    .267086E-04    .267086E-04    .267086E-04    .267086E-04
     .267086E-04    .267086E-04    .267086E-04    .267086E-04    .267086E-04
     .267086E-04    .267086E-04    .267086E-04    .267086E-04    .267086E-04
     .267086E-04
     .267086E-04    .267086E-04    .267086E-04    .267086E-04    .267086E-04
     .267086E-04    .267086E-04    .267086E-04    .267086E-04    .267086E-04
     .267086E-04    .267086E-04    .267086E-04    .267086E-04    .267086E-04
     .267086E-04
     .267086E-04    .267086E-04    .267086E-04    .267086E-04    .267086E-04
     .267086E-04    .267086E-04    .267086E-04    .267086E-04    .267086E-04
     .267086E-04    .267086E-04    .267086E-04    .267086E-04    .267086E-04
     .267086E-04
     .267086E-04    .267086E-04    .267086E-04    .267086E-04    .267086E-04
     .267086E-04    .267086E-04    .267086E-04    .267086E-04    .267086E-04
     .267086E-04    .267086E-04    .267086E-04    .267086E-04    .267086E-04
     .267086E-04
     .267086E-04    .267086E-04    .267086E-04    .267086E-04    .267086E-04
     .267086E-04    .267086E-04    .267086E-04    .267086E-04    .267086E-04
     .267086E-04    .267086E-04    .267086E-04    .267086E-04    .267086E-04
     .267086E-04
     .267086E-04    .267086E-04    .267086E-04    .267086E-04    .267086E-04
     .267086E-04    .267086E-04    .267086E-04    .267086E-04    .267086E-04
     .267086E-04    .267086E-04    .267086E-04    .267086E-04    .267086E-04
     .267086E-04
     .267086E-04    .267086E-04    .267086E-04    .267086E-04    .267086E-04
     .267086E-04    .267086E-04    .267086E-04    .267086E-04    .267086E-04
     .267086E-04    .267086E-04    .267086E-04    .267086E-04    .267086E-04
     .267086E-04
     .267086E-04    .267086E-04    .267086E-04    .267086E-04    .267086E-04
     .267086E-04    .267086E-04    .267086E-04    .267086E-04    .267086E-04
     .267086E-04    .267086E-04    .267086E-04    .267086E-04    .267086E-04
     .267086E-04
     .267086E-04    .267086E-04    .267086E-04    .267086E-04    .267086E-04
     .267086E-04    .267086E-04    .267086E-04    .267086E-04    .267086E-04
     .267086E-04    .267086E-04    .267086E-04    .267086E-04    .267086E-04
     .267086E-04
     .267086E-04    .267086E-04    .267086E-04    .267086E-04    .267086E-04
     .267086E-04    .267086E-04    .267086E-04    .267086E-04    .267086E-04
     .267086E-04    .267086E-04    .267086E-04    .267086E-04    .267086E-04
     .267086E-04
     .267086E-04    .267086E-04    .267086E-04    .267086E-04    .267086E-04
     .267086E-04    .267086E-04    .267086E-04    .267086E-04    .267086E-04
     .267086E-04    .267086E-04    .267086E-04    .267086E-04    .267086E-04
     .267086E-04
     .267086E-04    .267086E-04    .267086E-04    .267086E-04    .267086E-04
     .267086E-04    .267086E-04    .267086E-04    .267086E-04    .267086E-04
     .267086E-04    .267086E-04    .267086E-04    .267086E-04    .267086E-04
     .267086E-04
     .267086E-04    .267086E-04    .267086E-04    .267086E-04    .267086E-04
     .267086E-04    .267086E-04    .267086E-04    .267086E-04    .267086E-04
     .267086E-04    .267086E-04    .267086E-04    .267086E-04    .267086E-04
     .267086E-04
 DRHOL/DP (S2/M2)
     .554545E-06    .577080E-06    .600413E-06    .624572E-06    .640247E-06
     .649589E-06    .675497E-06    .702331E-06    .730127E-06    .758923E-06
     .788758E-06    .819674E-06    .851715E-06    .884927E-06    .919359E-06
     .955060E-06
     .554338E-06    .576861E-06    .600181E-06    .624327E-06    .639993E-06
     .649330E-06    .675223E-06    .702041E-06    .729820E-06    .758598E-06
     .788414E-06    .819311E-06    .851331E-06    .884521E-06    .918929E-06
     .954605E-06
     .554131E-06    .576643E-06    .599950E-06    .624082E-06    .639740E-06
     .649071E-06    .674949E-06    .701752E-06    .729514E-06    .758274E-06
     .788072E-06    .818948E-06    .850947E-06    .884115E-06    .918499E-06
     .954151E-06
     .553925E-06    .576424E-06    .599718E-06    .623837E-06    .639486E-06
     .648812E-06    .674676E-06    .701462E-06    .729208E-06    .757950E-06
     .787729E-06    .818586E-06    .850564E-06    .883709E-06    .918070E-06
     .953697E-06
     .553718E-06    .576206E-06    .599487E-06    .623593E-06    .639233E-06
     .648554E-06    .674402E-06    .701173E-06    .728902E-06    .757627E-06
     .787387E-06    .818224E-06    .850181E-06    .883304E-06    .917641E-06
     .953243E-06
     .553512E-06    .575988E-06    .599257E-06    .623349E-06    .638980E-06
     .648295E-06    .674129E-06    .700884E-06    .728596E-06    .757303E-06
     .787045E-06    .817862E-06    .849798E-06    .882899E-06    .917213E-06
     .952789E-06
     .553306E-06    .575769E-06    .599026E-06    .623105E-06    .638727E-06
     .648037E-06    .673856E-06    .700595E-06    .728290E-06    .756980E-06
     .786703E-06    .817500E-06    .849415E-06    .882494E-06    .916785E-06
     .952336E-06
     .553100E-06    .575552E-06    .598795E-06    .622861E-06    .638474E-06
     .647779E-06    .673583E-06    .700306E-06    .727985E-06    .756657E-06
     .786361E-06    .817139E-06    .849033E-06    .882090E-06    .916357E-06
     .951884E-06
     .552894E-06    .575334E-06    .598565E-06    .622617E-06    .638222E-06
     .647521E-06    .673310E-06    .700018E-06    .727680E-06    .756334E-06
     .786020E-06    .816778E-06    .848651E-06    .881686E-06    .915929E-06
     .951432E-06
     .552688E-06    .575116E-06    .598334E-06    .622373E-06    .637969E-06
     .647263E-06    .673037E-06    .699729E-06    .727375E-06    .756012E-06
     .785679E-06    .816417E-06    .848270E-06    .881282E-06    .915502E-06
     .950980E-06
     .552482E-06    .574898E-06    .598104E-06    .622130E-06    .637717E-06
     .647006E-06    .672765E-06    .699441E-06    .727070E-06    .755689E-06
     .785338E-06    .816056E-06    .847888E-06    .880879E-06    .915075E-06
     .950528E-06
     .552277E-06    .574681E-06    .597874E-06    .621886E-06    .637465E-06
     .646749E-06    .672493E-06    .699153E-06    .726766E-06    .755367E-06
     .784997E-06    .815696E-06    .847507E-06    .880476E-06    .914649E-06
     .950077E-06
     .552072E-06    .574464E-06    .597644E-06    .621643E-06    .637213E-06
     .646491E-06    .672221E-06    .698866E-06    .726462E-06    .755046E-06
     .784657E-06    .815336E-06    .847126E-06    .880073E-06    .914223E-06
     .949626E-06
     .551866E-06    .574247E-06    .597415E-06    .621400E-06    .636961E-06
     .646234E-06    .671949E-06    .698578E-06    .726158E-06    .754724E-06
     .784317E-06    .814976E-06    .846746E-06    .879670E-06    .913797E-06
     .949176E-06
     .551661E-06    .574030E-06    .597185E-06    .621158E-06    .636710E-06
     .645977E-06    .671677E-06    .698291E-06    .725854E-06    .754403E-06
     .783977E-06    .814617E-06    .846366E-06    .879268E-06    .913372E-06
     .948726E-06
     .551456E-06    .573813E-06    .596956E-06    .620915E-06    .636459E-06
     .645721E-06    .671406E-06    .698004E-06    .725550E-06    .754082E-06
     .783637E-06    .814258E-06    .845986E-06    .878866E-06    .912947E-06
     .948276E-06
 DRHOG/DT (KG/M3/K)
    -.693259E-02   -.693259E-02   -.693259E-02   -.693259E-02   -.693259E-02
    -.693259E-02   -.693259E-02   -.693259E-02   -.693259E-02   -.693259E-02
    -.693259E-02   -.693259E-02   -.693259E-02   -.693259E-02   -.693259E-02
    -.693259E-02
    -.693259E-02   -.693259E-02   -.693259E-02   -.693259E-02   -.693259E-02
    -.693259E-02   -.693259E-02   -.693259E-02   -.693259E-02   -.693259E-02
    -.693259E-02   -.693259E-02   -.693259E-02   -.693259E-02   -.693259E-02
    -.693259E-02
    -.693259E-02   -.693259E-02   -.693259E-02   -.693259E-02   -.693259E-02
    -.693259E-02   -.693259E-02   -.693259E-02   -.693259E-02   -.693259E-02
    -.693259E-02   -.693259E-02   -.693259E-02   -.693259E-02   -.693259E-02
    -.693259E-02
    -.693259E-02   -.693259E-02   -.693259E-02   -.693259E-02   -.693259E-02
    -.693259E-02   -.693259E-02   -.693259E-02   -.693259E-02   -.693259E-02
    -.693259E-02   -.693259E-02   -.693259E-02   -.693259E-02   -.693259E-02
    -.693259E-02
    -.693259E-02   -.693259E-02   -.693259E-02   -.693259E-02   -.693259E-02
    -.693259E-02   -.693259E-02   -.693259E-02   -.693259E-02   -.693259E-02
    -.693259E-02   -.693259E-02   -.693259E-02   -.693259E-02   -.693259E-02
    -.693259E-02
    -.693259E-02   -.693259E-02   -.693259E-02   -.693259E-02   -.693259E-02
    -.693259E-02   -.693259E-02   -.693259E-02   -.693259E-02   -.693259E-02
    -.693259E-02   -.693259E-02   -.693259E-02   -.693259E-02   -.693259E-02
    -.693259E-02
    -.693259E-02   -.693259E-02   -.693259E-02   -.693259E-02   -.693259E-02
    -.693259E-02   -.693259E-02   -.693259E-02   -.693259E-02   -.693259E-02
    -.693259E-02   -.693259E-02   -.693259E-02   -.693259E-02   -.693259E-02
    -.693259E-02
    -.693259E-02   -.693259E-02   -.693259E-02   -.693259E-02   -.693259E-02
    -.693259E-02   -.693259E-02   -.693259E-02   -.693259E-02   -.693259E-02
    -.693259E-02   -.693259E-02   -.693259E-02   -.693259E-02   -.693259E-02
    -.693259E-02
    -.693259E-02   -.693259E-02   -.693259E-02   -.693259E-02   -.693259E-02
    -.693259E-02   -.693259E-02   -.693259E-02   -.693259E-02   -.693259E-02
    -.693259E-02   -.693259E-02   -.693259E-02   -.693259E-02   -.693259E-02
    -.693259E-02
    -.693259E-02   -.693259E-02   -.693259E-02   -.693259E-02   -.693259E-02
    -.693259E-02   -.693259E-02   -.693259E-02   -.693259E-02   -.693259E-02
    -.693259E-02   -.693259E-02   -.693259E-02   -.693259E-02   -.693259E-02
    -.693259E-02
    -.693259E-02   -.693259E-02   -.693259E-02   -.693259E-02   -.693259E-02
    -.693259E-02   -.693259E-02   -.693259E-02   -.693259E-02   -.693259E-02
    -.693259E-02   -.693259E-02   -.693259E-02   -.693259E-02   -.693259E-02
    -.693259E-02
    -.693259E-02   -.693259E-02   -.693259E-02   -.693259E-02   -.693259E-02
    -.693259E-02   -.693259E-02   -.693259E-02   -.693259E-02   -.693259E-02
    -.693259E-02   -.693259E-02   -.693259E-02   -.693259E-02   -.693259E-02
    -.693259E-02
    -.693259E-02   -.693259E-02   -.693259E-02   -.693259E-02   -.693259E-02
    -.693259E-02   -.693259E-02   -.693259E-02   -.693259E-02   -.693259E-02
    -.693259E-02   -.693259E-02   -.693259E-02   -.693259E-02   -.693259E-02
    -.693259E-02
    -.693259E-02   -.693259E-02   -.693259E-02   -.693259E-02   -.693259E-02
    -.693259E-02   -.693259E-02   -.693259E-02   -.693259E-02   -.693259E-02
    -.693259E-02   -.693259E-02   -.693259E-02   -.693259E-02   -.693259E-02
    -.693259E-02
    -.693259E-02   -.693259E-02   -.693259E-02   -.693259E-02   -.693259E-02
    -.693259E-02   -.693259E-02   -.693259E-02   -.693259E-02   -.693259E-02
    -.693259E-02   -.693259E-02   -.693259E-02   -.693259E-02   -.693259E-02
    -.693259E-02
    -.693259E-02   -.693259E-02   -.693259E-02   -.693259E-02   -.693259E-02
    -.693259E-02   -.693259E-02   -.693259E-02   -.693259E-02   -.693259E-02
    -.693259E-02   -.693259E-02   -.693259E-02   -.693259E-02   -.693259E-02
    -.693259E-02
 DRHOL/DT (KG/M3/K)
    -.411223E+00   -.418054E+00   -.424998E+00   -.432058E+00   -.436572E+00
    -.439237E+00   -.446539E+00   -.453966E+00   -.461522E+00   -.469212E+00
    -.477038E+00   -.485004E+00   -.493116E+00   -.501376E+00   -.509789E+00
    -.518361E+00
    -.411118E+00   -.417946E+00   -.424886E+00   -.431942E+00   -.436453E+00
    -.439117E+00   -.446414E+00   -.453837E+00   -.461389E+00   -.469073E+00
    -.476894E+00   -.484855E+00   -.492961E+00   -.501216E+00   -.509624E+00
    -.518189E+00
    -.411013E+00   -.417837E+00   -.424774E+00   -.431826E+00   -.436334E+00
    -.438996E+00   -.446289E+00   -.453708E+00   -.461255E+00   -.468935E+00
    -.476751E+00   -.484707E+00   -.492807E+00   -.501056E+00   -.509458E+00
    -.518017E+00
    -.410909E+00   -.417729E+00   -.424661E+00   -.431710E+00   -.436215E+00
    -.438876E+00   -.446165E+00   -.453579E+00   -.461121E+00   -.468796E+00
    -.476607E+00   -.484558E+00   -.492653E+00   -.500896E+00   -.509292E+00
    -.517846E+00
    -.410804E+00   -.417621E+00   -.424549E+00   -.431593E+00   -.436097E+00
    -.438756E+00   -.446040E+00   -.453450E+00   -.460988E+00   -.468658E+00
    -.476464E+00   -.484410E+00   -.492499E+00   -.500737E+00   -.509127E+00
    -.517674E+00
    -.410700E+00   -.417512E+00   -.424437E+00   -.431478E+00   -.435978E+00
    -.438636E+00   -.445916E+00   -.453321E+00   -.460854E+00   -.468520E+00
    -.476321E+00   -.484261E+00   -.492345E+00   -.500578E+00   -.508962E+00
    -.517503E+00
    -.410595E+00   -.417404E+00   -.424325E+00   -.431362E+00   -.435860E+00
    -.438516E+00   -.445792E+00   -.453192E+00   -.460721E+00   -.468381E+00
    -.476177E+00   -.484113E+00   -.492192E+00   -.500418E+00   -.508797E+00
    -.517331E+00
    -.410491E+00   -.417296E+00   -.424214E+00   -.431246E+00   -.435741E+00
    -.438396E+00   -.445667E+00   -.453064E+00   -.460588E+00   -.468243E+00
    -.476034E+00   -.483965E+00   -.492038E+00   -.500259E+00   -.508631E+00
    -.517160E+00
    -.410387E+00   -.417188E+00   -.424102E+00   -.431130E+00   -.435623E+00
    -.438276E+00   -.445543E+00   -.452935E+00   -.460454E+00   -.468105E+00
    -.475891E+00   -.483817E+00   -.491885E+00   -.500100E+00   -.508467E+00
    -.516989E+00
    -.410282E+00   -.417080E+00   -.423990E+00   -.431014E+00   -.435505E+00
    -.438156E+00   -.445419E+00   -.452806E+00   -.460321E+00   -.467967E+00
    -.475749E+00   -.483669E+00   -.491731E+00   -.499941E+00   -.508302E+00
    -.516818E+00
    -.410178E+00   -.416972E+00   -.423878E+00   -.430899E+00   -.435386E+00
    -.438037E+00   -.445295E+00   -.452678E+00   -.460188E+00   -.467830E+00
    -.475606E+00   -.483521E+00   -.491578E+00   -.499782E+00   -.508137E+00
    -.516647E+00
    -.410074E+00   -.416865E+00   -.423767E+00   -.430783E+00   -.435268E+00
    -.437917E+00   -.445171E+00   -.452550E+00   -.460055E+00   -.467692E+00
    -.475463E+00   -.483373E+00   -.491425E+00   -.499623E+00   -.507972E+00
    -.516477E+00
    -.409970E+00   -.416757E+00   -.423655E+00   -.430667E+00   -.435150E+00
    -.437797E+00   -.445047E+00   -.452421E+00   -.459922E+00   -.467554E+00
    -.475321E+00   -.483225E+00   -.491272E+00   -.499464E+00   -.507808E+00
    -.516306E+00
    -.409866E+00   -.416649E+00   -.423544E+00   -.430552E+00   -.435032E+00
    -.437678E+00   -.444924E+00   -.452293E+00   -.459790E+00   -.467417E+00
    -.475178E+00   -.483077E+00   -.491119E+00   -.499306E+00   -.507643E+00
    -.516136E+00
    -.409762E+00   -.416541E+00   -.423432E+00   -.430437E+00   -.434914E+00
    -.437558E+00   -.444800E+00   -.452165E+00   -.459657E+00   -.467279E+00
    -.475036E+00   -.482930E+00   -.490966E+00   -.499147E+00   -.507479E+00
    -.515965E+00
    -.409658E+00   -.416434E+00   -.423321E+00   -.430321E+00   -.434796E+00
    -.437439E+00   -.444676E+00   -.452037E+00   -.459524E+00   -.467142E+00
    -.474893E+00   -.482782E+00   -.490813E+00   -.498989E+00   -.507315E+00
    -.515795E+00
 GAS MASS FRACTION (-)
     .000000E+00    .000000E+00    .000000E+00    .000000E+00    .000000E+00
     .000000E+00    .000000E+00    .000000E+00    .000000E+00    .000000E+00
     .000000E+00    .000000E+00    .000000E+00    .000000E+00    .000000E+00
     .000000E+00
     .000000E+00    .000000E+00    .000000E+00    .000000E+00    .000000E+00
     .000000E+00    .000000E+00    .000000E+00    .000000E+00    .000000E+00
     .000000E+00    .000000E+00    .000000E+00    .000000E+00    .000000E+00
     .000000E+00
     .000000E+00    .000000E+00    .000000E+00    .000000E+00    .000000E+00
     .000000E+00    .000000E+00    .000000E+00    .000000E+00    .000000E+00
     .000000E+00    .000000E+00    .000000E+00    .000000E+00    .000000E+00
     .000000E+00
     .000000E+00    .000000E+00    .000000E+00    .000000E+00    .000000E+00
     .000000E+00    .000000E+00    .000000E+00    .000000E+00    .000000E+00
     .000000E+00    .000000E+00    .000000E+00    .000000E+00    .000000E+00
     .000000E+00
     .000000E+00    .000000E+00    .000000E+00    .000000E+00    .000000E+00
     .000000E+00    .000000E+00    .000000E+00    .000000E+00    .000000E+00
     .000000E+00    .000000E+00    .000000E+00    .000000E+00    .000000E+00
     .000000E+00
     .000000E+00    .000000E+00    .000000E+00    .000000E+00    .000000E+00
     .000000E+00    .000000E+00    .000000E+00    .000000E+00    .000000E+00
     .000000E+00    .000000E+00    .000000E+00    .000000E+00    .000000E+00
     .000000E+00
     .000000E+00    .000000E+00    .000000E+00    .000000E+00    .000000E+00
     .000000E+00    .000000E+00    .000000E+00    .000000E+00    .000000E+00
     .000000E+00    .000000E+00    .000000E+00    .000000E+00    .000000E+00
     .000000E+00
     .000000E+00    .000000E+00    .000000E+00    .000000E+00    .000000E+00
     .000000E+00    .000000E+00    .000000E+00    .000000E+00    .000000E+00
     .000000E+00    .000000E+00    .000000E+00    .000000E+00    .000000E+00
     .000000E+00
     .000000E+00    .000000E+00    .000000E+00    .000000E+00    .000000E+00
     .000000E+00    .000000E+00    .000000E+00    .000000E+00    .000000E+00
     .000000E+00    .000000E+00    .000000E+00    .000000E+00    .000000E+00
     .000000E+00
     .000000E+00    .000000E+00    .000000E+00    .000000E+00    .000000E+00
     .000000E+00    .000000E+00    .000000E+00    .000000E+00    .000000E+00
     .000000E+00    .000000E+00    .000000E+00    .000000E+00    .000000E+00
     .000000E+00
     .000000E+00    .000000E+00    .000000E+00    .000000E+00    .000000E+00
     .000000E+00    .000000E+00    .000000E+00    .000000E+00    .000000E+00
     .000000E+00    .000000E+00    .000000E+00    .000000E+00    .000000E+00
     .000000E+00
     .000000E+00    .000000E+00    .000000E+00    .000000E+00    .000000E+00
     .000000E+00    .000000E+00    .000000E+00    .000000E+00    .000000E+00
     .000000E+00    .000000E+00    .000000E+00    .000000E+00    .000000E+00
     .000000E+00
     .000000E+00    .000000E+00    .000000E+00    .000000E+00    .000000E+00
     .000000E+00    .000000E+00    .000000E+00    .000000E+00    .000000E+00
     .000000E+00    .000000E+00    .000000E+00    .000000E+00    .000000E+00
     .000000E+00
     .000000E+00    .000000E+00    .000000E+00    .000000E+00    .000000E+00
     .000000E+00    .000000E+00    .000000E+00    .000000E+00    .000000E+00
     .000000E+00    .000000E+00    .000000E+00    .000000E+00    .000000E+00
     .000000E+00
     .000000E+00    .000000E+00    .000000E+00    .000000E+00    .000000E+00
     .000000E+00    .000000E+00    .000000E+00    .000000E+00    .000000E+00
     .000000E+00    .000000E+00    .000000E+00    .000000E+00    .000000E+00
     .000000E+00
     .000000E+00    .000000E+00    .000000E+00    .000000E+00    .000000E+00
     .000000E+00    .000000E+00    .000000E+00    .000000E+00    .000000E+00
     .000000E+00    .000000E+00    .000000E+00    .000000E+00    .000000E+00
     .000000E+00
 GAS VISCOSITY (NS/M2)
     .960509E-05    .960509E-05    .960509E-05    .960509E-05    .960509E-05
     .960509E-05    .960509E-05    .960509E-05    .960509E-05    .960509E-05
     .960509E-05    .960509E-05    .960509E-05    .960509E-05    .960509E-05
     .960509E-05
     .961890E-05    .961890E-05    .961890E-05    .961890E-05    .961890E-05
     .961890E-05    .961890E-05    .961890E-05    .961890E-05    .961890E-05
     .961890E-05    .961890E-05    .961890E-05    .961890E-05    .961890E-05
     .961890E-05
     .963270E-05    .963270E-05    .963270E-05    .963270E-05    .963270E-05
     .963270E-05    .963270E-05    .963270E-05    .963270E-05    .963270E-05
     .963270E-05    .963270E-05    .963270E-05    .963270E-05    .963270E-05
     .963270E-05
     .964651E-05    .964651E-05    .964651E-05    .964651E-05    .964651E-05
     .964651E-05    .964651E-05    .964651E-05    .964651E-05    .964651E-05
     .964651E-05    .964651E-05    .964651E-05    .964651E-05    .964651E-05
     .964651E-05
     .966031E-05    .966031E-05    .966031E-05    .966031E-05    .966031E-05
     .966031E-05    .966031E-05    .966031E-05    .966031E-05    .966031E-05
     .966031E-05    .966031E-05    .966031E-05    .966031E-05    .966031E-05
     .966031E-05
     .967412E-05    .967412E-05    .967412E-05    .967412E-05    .967412E-05
     .967412E-05    .967412E-05    .967412E-05    .967412E-05    .967412E-05
     .967412E-05    .967412E-05    .967412E-05    .967412E-05    .967412E-05
     .967412E-05
     .968792E-05    .968792E-05    .968792E-05    .968792E-05    .968792E-05
     .968792E-05    .968792E-05    .968792E-05    .968792E-05    .968792E-05
     .968792E-05    .968792E-05    .968792E-05    .968792E-05    .968792E-05
     .968792E-05
     .970173E-05    .970173E-05    .970173E-05    .970173E-05    .970173E-05
     .970173E-05    .970173E-05    .970173E-05    .970173E-05    .970173E-05
     .970173E-05    .970173E-05    .970173E-05    .970173E-05    .970173E-05
     .970173E-05
     .971553E-05    .971553E-05    .971553E-05    .971553E-05    .971553E-05
     .971553E-05    .971553E-05    .971553E-05    .971553E-05    .971553E-05
     .971553E-05    .971553E-05    .971553E-05    .971553E-05    .971553E-05
     .971553E-05
     .972934E-05    .972934E-05    .972934E-05    .972934E-05    .972934E-05
     .972934E-05    .972934E-05    .972934E-05    .972934E-05    .972934E-05
     .972934E-05    .972934E-05    .972934E-05    .972934E-05    .972934E-05
     .972934E-05
     .974314E-05    .974314E-05    .974314E-05    .974314E-05    .974314E-05
     .974314E-05    .974314E-05    .974314E-05    .974314E-05    .974314E-05
     .974314E-05    .974314E-05    .974314E-05    .974314E-05    .974314E-05
     .974314E-05
     .975695E-05    .975695E-05    .975695E-05    .975695E-05    .975695E-05
     .975695E-05    .975695E-05    .975695E-05    .975695E-05    .975695E-05
     .975695E-05    .975695E-05    .975695E-05    .975695E-05    .975695E-05
     .975695E-05
     .977075E-05    .977075E-05    .977075E-05    .977075E-05    .977075E-05
     .977075E-05    .977075E-05    .977075E-05    .977075E-05    .977075E-05
     .977075E-05    .977075E-05    .977075E-05    .977075E-05    .977075E-05
     .977075E-05
     .978456E-05    .978456E-05    .978456E-05    .978456E-05    .978456E-05
     .978456E-05    .978456E-05    .978456E-05    .978456E-05    .978456E-05
     .978456E-05    .978456E-05    .978456E-05    .978456E-05    .978456E-05
     .978456E-05
     .979836E-05    .979836E-05    .979836E-05    .979836E-05    .979836E-05
     .979836E-05    .979836E-05    .979836E-05    .979836E-05    .979836E-05
     .979836E-05    .979836E-05    .979836E-05    .979836E-05    .979836E-05
     .979836E-05
     .981217E-05    .981217E-05    .981217E-05    .981217E-05    .981217E-05
     .981217E-05    .981217E-05    .981217E-05    .981217E-05    .981217E-05
     .981217E-05    .981217E-05    .981217E-05    .981217E-05    .981217E-05
     .981217E-05
 LIQUID VISCOSITY (NS/M2)
     .223111E-01    .191206E-01    .164633E-01    .142376E-01    .130190E-01
     .123632E-01    .107760E-01    .942460E-02    .826751E-02    .727117E-02
     .640822E-02    .565637E-02    .499746E-02    .441684E-02    .390293E-02
     .344687E-02
     .223280E-01    .191351E-01    .164757E-01    .142484E-01    .130289E-01
     .123726E-01    .107842E-01    .943180E-02    .827385E-02    .727677E-02
     .641319E-02    .566079E-02    .500140E-02    .442036E-02    .390608E-02
     .344968E-02
     .223444E-01    .191491E-01    .164879E-01    .142589E-01    .130385E-01
     .123818E-01    .107922E-01    .943880E-02    .828002E-02    .728222E-02
     .641803E-02    .566509E-02    .500524E-02    .442380E-02    .390915E-02
     .345242E-02
     .223604E-01    .191629E-01    .164997E-01    .142692E-01    .130479E-01
     .123907E-01    .108000E-01    .944564E-02    .828604E-02    .728755E-02
     .642275E-02    .566930E-02    .500899E-02    .442715E-02    .391215E-02
     .345511E-02
     .223761E-01    .191763E-01    .165113E-01    .142792E-01    .130570E-01
     .123994E-01    .108076E-01    .945233E-02    .829193E-02    .729276E-02
     .642738E-02    .567342E-02    .501267E-02    .443045E-02    .391511E-02
     .345776E-02
     .223915E-01    .191895E-01    .165227E-01    .142891E-01    .130661E-01
     .124080E-01    .108151E-01    .945890E-02    .829772E-02    .729788E-02
     .643192E-02    .567747E-02    .501629E-02    .443368E-02    .391801E-02
     .346036E-02
     .224066E-01    .192025E-01    .165338E-01    .142987E-01    .130749E-01
     .124164E-01    .108225E-01    .946535E-02    .830341E-02    .730291E-02
     .643639E-02    .568145E-02    .501985E-02    .443687E-02    .392087E-02
     .346293E-02
     .224215E-01    .192152E-01    .165448E-01    .143083E-01    .130836E-01
     .124247E-01    .108297E-01    .947172E-02    .830902E-02    .730787E-02
     .644080E-02    .568538E-02    .502336E-02    .444002E-02    .392369E-02
     .346546E-02
     .224362E-01    .192278E-01    .165557E-01    .143177E-01    .130922E-01
     .124329E-01    .108369E-01    .947799E-02    .831455E-02    .731277E-02
     .644515E-02    .568925E-02    .502683E-02    .444313E-02    .392648E-02
     .346797E-02
     .224506E-01    .192402E-01    .165664E-01    .143269E-01    .131007E-01
     .124410E-01    .108439E-01    .948418E-02    .832001E-02    .731760E-02
     .644944E-02    .569308E-02    .503025E-02    .444620E-02    .392924E-02
     .347045E-02
     .224650E-01    .192525E-01    .165770E-01    .143361E-01    .131091E-01
     .124489E-01    .108509E-01    .949031E-02    .832541E-02    .732238E-02
     .645369E-02    .569687E-02    .503364E-02    .444924E-02    .393198E-02
     .347290E-02
     .224791E-01    .192647E-01    .165875E-01    .143452E-01    .131174E-01
     .124568E-01    .108578E-01    .949636E-02    .833074E-02    .732710E-02
     .645789E-02    .570062E-02    .503699E-02    .445225E-02    .393468E-02
     .347534E-02
     .224931E-01    .192767E-01    .165978E-01    .143542E-01    .131256E-01
     .124646E-01    .108646E-01    .950235E-02    .833603E-02    .733178E-02
     .646204E-02    .570433E-02    .504032E-02    .445523E-02    .393737E-02
     .347775E-02
     .225070E-01    .192886E-01    .166081E-01    .143630E-01    .131338E-01
     .124724E-01    .108714E-01    .950829E-02    .834126E-02    .733642E-02
     .646617E-02    .570800E-02    .504361E-02    .445819E-02    .394003E-02
     .348015E-02
     .225207E-01    .193004E-01    .166182E-01    .143718E-01    .131418E-01
     .124800E-01    .108781E-01    .951417E-02    .834645E-02    .734101E-02
     .647025E-02    .571165E-02    .504687E-02    .446112E-02    .394267E-02
     .348253E-02
     .225344E-01    .193121E-01    .166283E-01    .143806E-01    .131498E-01
     .124876E-01    .108847E-01    .952001E-02    .835160E-02    .734557E-02
     .647430E-02    .571527E-02    .505011E-02    .446403E-02    .394529E-02
     .348489E-02
 GAS HEAT CAPACITY (J/KG/K)
     .205356E+04    .205356E+04    .205356E+04    .205356E+04    .205356E+04
     .205356E+04    .205356E+04    .205356E+04    .205356E+04    .205356E+04
     .205356E+04    .205356E+04    .205356E+04    .205356E+04    .205356E+04
     .205356E+04
     .205356E+04    .205356E+04    .205356E+04    .205356E+04    .205356E+04
     .205356E+04    .205356E+04    .205356E+04    .205356E+04    .205356E+04
     .205356E+04    .205356E+04    .205356E+04    .205356E+04    .205356E+04
     .205356E+04
     .205356E+04    .205356E+04    .205356E+04    .205356E+04    .205356E+04
     .205356E+04    .205356E+04    .205356E+04    .205356E+04    .205356E+04
     .205356E+04    .205356E+04    .205356E+04    .205356E+04    .205356E+04
     .205356E+04
     .205356E+04    .205356E+04    .205356E+04    .205356E+04    .205356E+04
     .205356E+04    .205356E+04    .205356E+04    .205356E+04    .205356E+04
     .205356E+04    .205356E+04    .205356E+04    .205356E+04    .205356E+04
     .205356E+04
     .205356E+04    .205356E+04    .205356E+04    .205356E+04    .205356E+04
     .205356E+04    .205356E+04    .205356E+04    .205356E+04    .205356E+04
     .205356E+04    .205356E+04    .205356E+04    .205356E+04    .205356E+04
     .205356E+04
     .205356E+04    .205356E+04    .205356E+04    .205356E+04    .205356E+04
     .205356E+04    .205356E+04    .205356E+04    .205356E+04    .205356E+04
     .205356E+04    .205356E+04    .205356E+04    .205356E+04    .205356E+04
     .205356E+04
     .205356E+04    .205356E+04    .205356E+04    .205356E+04    .205356E+04
     .205356E+04    .205356E+04    .205356E+04    .205356E+04    .205356E+04
     .205356E+04    .205356E+04    .205356E+04    .205356E+04    .205356E+04
     .205356E+04
     .205356E+04    .205356E+04    .205356E+04    .205356E+04    .205356E+04
     .205356E+04    .205356E+04    .205356E+04    .205356E+04    .205356E+04
     .205356E+04    .205356E+04    .205356E+04    .205356E+04    .205356E+04
     .205356E+04
     .205356E+04    .205356E+04    .205356E+04    .205356E+04    .205356E+04
     .205356E+04    .205356E+04    .205356E+04    .205356E+04    .205356E+04
     .205356E+04    .205356E+04    .205356E+04    .205356E+04    .205356E+04
     .205356E+04
     .205356E+04    .205356E+04    .205356E+04    .205356E+04    .205356E+04
     .205356E+04    .205356E+04    .205356E+04    .205356E+04    .205356E+04
     .205356E+04    .205356E+04    .205356E+04    .205356E+04    .205356E+04
     .205356E+04
     .205356E+04    .205356E+04    .205356E+04    .205356E+04    .205356E+04
     .205356E+04    .205356E+04    .205356E+04    .205356E+04    .205356E+04
     .205356E+04    .205356E+04    .205356E+04    .205356E+04    .205356E+04
     .205356E+04
     .205356E+04    .205356E+04    .205356E+04    .205356E+04    .205356E+04
     .205356E+04    .205356E+04    .205356E+04    .205356E+04    .205356E+04
     .205356E+04    .205356E+04    .205356E+04    .205356E+04    .205356E+04
     .205356E+04
     .205356E+04    .205356E+04    .205356E+04    .205356E+04    .205356E+04
     .205356E+04    .205356E+04    .205356E+04    .205356E+04    .205356E+04
     .205356E+04    .205356E+04    .205356E+04    .205356E+04    .205356E+04
     .205356E+04
     .205356E+04    .205356E+04    .205356E+04    .205356E+04    .205356E+04
     .205356E+04    .205356E+04    .205356E+04    .205356E+04    .205356E+04
     .205356E+04    .205356E+04    .205356E+04    .205356E+04    .205356E+04
     .205356E+04
     .205356E+04    .205356E+04    .205356E+04    .205356E+04    .205356E+04
     .205356E+04    .205356E+04    .205356E+04    .205356E+04    .205356E+04
     .205356E+04    .205356E+04    .205356E+04    .205356E+04    .205356E+04
     .205356E+04
     .205356E+04    .205356E+04    .205356E+04    .205356E+04    .205356E+04
     .205356E+04    .205356E+04    .205356E+04    .205356E+04    .205356E+04
     .205356E+04    .205356E+04    .205356E+04    .205356E+04    .205356E+04
     .205356E+04
 LIQUID HEAT CAPACITY (J/KG/K)
     .188130E+04    .189804E+04    .191480E+04    .193156E+04    .194214E+04
     .194833E+04    .196510E+04    .198187E+04    .199865E+04    .201542E+04
     .203219E+04    .204895E+04    .206571E+04    .208247E+04    .209922E+04
     .211596E+04
     .188128E+04    .189803E+04    .191478E+04    .193154E+04    .194212E+04
     .194831E+04    .196508E+04    .198185E+04    .199863E+04    .201540E+04
     .203217E+04    .204893E+04    .206569E+04    .208244E+04    .209919E+04
     .211593E+04
     .188127E+04    .189801E+04    .191477E+04    .193153E+04    .194210E+04
     .194829E+04    .196506E+04    .198183E+04    .199861E+04    .201538E+04
     .203214E+04    .204891E+04    .206567E+04    .208242E+04    .209917E+04
     .211591E+04
     .188125E+04    .189800E+04    .191475E+04    .193151E+04    .194208E+04
     .194828E+04    .196505E+04    .198182E+04    .199859E+04    .201536E+04
     .203212E+04    .204889E+04    .206564E+04    .208240E+04    .209914E+04
     .211588E+04
     .188124E+04    .189798E+04    .191473E+04    .193149E+04    .194207E+04
     .194826E+04    .196503E+04    .198180E+04    .199857E+04    .201534E+04
     .203210E+04    .204886E+04    .206562E+04    .208237E+04    .209912E+04
     .211585E+04
     .188122E+04    .189797E+04    .191472E+04    .193148E+04    .194205E+04
     .194824E+04    .196501E+04    .198178E+04    .199855E+04    .201532E+04
     .203208E+04    .204884E+04    .206560E+04    .208235E+04    .209909E+04
     .211583E+04
     .188121E+04    .189795E+04    .191470E+04    .193146E+04    .194203E+04
     .194822E+04    .196499E+04    .198176E+04    .199853E+04    .201530E+04
     .203206E+04    .204882E+04    .206558E+04    .208232E+04    .209907E+04
     .211580E+04
     .188119E+04    .189794E+04    .191469E+04    .193144E+04    .194201E+04
     .194821E+04    .196497E+04    .198174E+04    .199851E+04    .201527E+04
     .203204E+04    .204880E+04    .206555E+04    .208230E+04    .209904E+04
     .211578E+04
     .188118E+04    .189792E+04    .191467E+04    .193143E+04    .194200E+04
     .194819E+04    .196495E+04    .198172E+04    .199849E+04    .201525E+04
     .203202E+04    .204878E+04    .206553E+04    .208228E+04    .209902E+04
     .211575E+04
     .188117E+04    .189790E+04    .191465E+04    .193141E+04    .194198E+04
     .194817E+04    .196494E+04    .198170E+04    .199847E+04    .201523E+04
     .203200E+04    .204875E+04    .206551E+04    .208225E+04    .209899E+04
     .211572E+04
     .188115E+04    .189789E+04    .191464E+04    .193139E+04    .194196E+04
     .194815E+04    .196492E+04    .198168E+04    .199845E+04    .201521E+04
     .203197E+04    .204873E+04    .206548E+04    .208223E+04    .209897E+04
     .211570E+04
     .188114E+04    .189787E+04    .191462E+04    .193138E+04    .194195E+04
     .194814E+04    .196490E+04    .198167E+04    .199843E+04    .201519E+04
     .203195E+04    .204871E+04    .206546E+04    .208220E+04    .209894E+04
     .211567E+04
     .188112E+04    .189786E+04    .191461E+04    .193136E+04    .194193E+04
     .194812E+04    .196488E+04    .198165E+04    .199841E+04    .201517E+04
     .203193E+04    .204869E+04    .206544E+04    .208218E+04    .209892E+04
     .211565E+04
     .188111E+04    .189784E+04    .191459E+04    .193134E+04    .194191E+04
     .194810E+04    .196486E+04    .198163E+04    .199839E+04    .201515E+04
     .203191E+04    .204867E+04    .206541E+04    .208216E+04    .209889E+04
     .211562E+04
     .188109E+04    .189783E+04    .191457E+04    .193133E+04    .194190E+04
     .194808E+04    .196485E+04    .198161E+04    .199837E+04    .201513E+04
     .203189E+04    .204864E+04    .206539E+04    .208213E+04    .209887E+04
     .211559E+04
     .188108E+04    .189781E+04    .191456E+04    .193131E+04    .194188E+04
     .194807E+04    .196483E+04    .198159E+04    .199835E+04    .201511E+04
     .203187E+04    .204862E+04    .206537E+04    .208211E+04    .209884E+04
     .211557E+04
 GAS ENTHALPY (J/KG)
     .235823E+06    .235823E+06    .235823E+06    .235823E+06    .235823E+06
     .235823E+06    .235823E+06    .235823E+06    .235823E+06    .235823E+06
     .235823E+06    .235823E+06    .235823E+06    .235823E+06    .235823E+06
     .235823E+06
     .235258E+06    .235258E+06    .235258E+06    .235258E+06    .235258E+06
     .235258E+06    .235258E+06    .235258E+06    .235258E+06    .235258E+06
     .235258E+06    .235258E+06    .235258E+06    .235258E+06    .235258E+06
     .235258E+06
     .234694E+06    .234694E+06    .234694E+06    .234694E+06    .234694E+06
     .234694E+06    .234694E+06    .234694E+06    .234694E+06    .234694E+06
     .234694E+06    .234694E+06    .234694E+06    .234694E+06    .234694E+06
     .234694E+06
     .234129E+06    .234129E+06    .234129E+06    .234129E+06    .234129E+06
     .234129E+06    .234129E+06    .234129E+06    .234129E+06    .234129E+06
     .234129E+06    .234129E+06    .234129E+06    .234129E+06    .234129E+06
     .234129E+06
     .233564E+06    .233564E+06    .233564E+06    .233564E+06    .233564E+06
     .233564E+06    .233564E+06    .233564E+06    .233564E+06    .233564E+06
     .233564E+06    .233564E+06    .233564E+06    .233564E+06    .233564E+06
     .233564E+06
     .233000E+06    .233000E+06    .233000E+06    .233000E+06    .233000E+06
     .233000E+06    .233000E+06    .233000E+06    .233000E+06    .233000E+06
     .233000E+06    .233000E+06    .233000E+06    .233000E+06    .233000E+06
     .233000E+06
     .232435E+06    .232435E+06    .232435E+06    .232435E+06    .232435E+06
     .232435E+06    .232435E+06    .232435E+06    .232435E+06    .232435E+06
     .232435E+06    .232435E+06    .232435E+06    .232435E+06    .232435E+06
     .232435E+06
     .231871E+06    .231871E+06    .231871E+06    .231871E+06    .231871E+06
     .231871E+06    .231871E+06    .231871E+06    .231871E+06    .231871E+06
     .231871E+06    .231871E+06    .231871E+06    .231871E+06    .231871E+06
     .231871E+06
     .231306E+06    .231306E+06    .231306E+06    .231306E+06    .231306E+06
     .231306E+06    .231306E+06    .231306E+06    .231306E+06    .231306E+06
     .231306E+06    .231306E+06    .231306E+06    .231306E+06    .231306E+06
     .231306E+06
     .230742E+06    .230742E+06    .230742E+06    .230742E+06    .230742E+06
     .230742E+06    .230742E+06    .230742E+06    .230742E+06    .230742E+06
     .230742E+06    .230742E+06    .230742E+06    .230742E+06    .230742E+06
     .230742E+06
     .230177E+06    .230177E+06    .230177E+06    .230177E+06    .230177E+06
     .230177E+06    .230177E+06    .230177E+06    .230177E+06    .230177E+06
     .230177E+06    .230177E+06    .230177E+06    .230177E+06    .230177E+06
     .230177E+06
     .229613E+06    .229613E+06    .229613E+06    .229613E+06    .229613E+06
     .229613E+06    .229613E+06    .229613E+06    .229613E+06    .229613E+06
     .229613E+06    .229613E+06    .229613E+06    .229613E+06    .229613E+06
     .229613E+06
     .229048E+06    .229048E+06    .229048E+06    .229048E+06    .229048E+06
     .229048E+06    .229048E+06    .229048E+06    .229048E+06    .229048E+06
     .229048E+06    .229048E+06    .229048E+06    .229048E+06    .229048E+06
     .229048E+06
     .228483E+06    .228483E+06    .228483E+06    .228483E+06    .228483E+06
     .228483E+06    .228483E+06    .228483E+06    .228483E+06    .228483E+06
     .228483E+06    .228483E+06    .228483E+06    .228483E+06    .228483E+06
     .228483E+06
     .227919E+06    .227919E+06    .227919E+06    .227919E+06    .227919E+06
     .227919E+06    .227919E+06    .227919E+06    .227919E+06    .227919E+06
     .227919E+06    .227919E+06    .227919E+06    .227919E+06    .227919E+06
     .227919E+06
     .227354E+06    .227354E+06    .227354E+06    .227354E+06    .227354E+06
     .227354E+06    .227354E+06    .227354E+06    .227354E+06    .227354E+06
     .227354E+06    .227354E+06    .227354E+06    .227354E+06    .227354E+06
     .227354E+06
 LIQUID ENTHALPY (J/KG)
    -.363225E+06   -.355126E+06   -.346956E+06   -.338713E+06   -.333478E+06
    -.330399E+06   -.322013E+06   -.313556E+06   -.305026E+06   -.296424E+06
    -.287751E+06   -.279006E+06   -.270189E+06   -.261300E+06   -.252339E+06
    -.243306E+06
    -.363204E+06   -.355106E+06   -.346935E+06   -.338693E+06   -.333458E+06
    -.330379E+06   -.321993E+06   -.313536E+06   -.305006E+06   -.296404E+06
    -.287731E+06   -.278986E+06   -.270169E+06   -.261280E+06   -.252319E+06
    -.243287E+06
    -.363183E+06   -.355085E+06   -.346915E+06   -.338673E+06   -.333438E+06
    -.330359E+06   -.321973E+06   -.313515E+06   -.304986E+06   -.296385E+06
    -.287711E+06   -.278966E+06   -.270149E+06   -.261260E+06   -.252300E+06
    -.243268E+06
    -.363163E+06   -.355065E+06   -.346894E+06   -.338652E+06   -.333417E+06
    -.330339E+06   -.321953E+06   -.313495E+06   -.304966E+06   -.296365E+06
    -.287691E+06   -.278946E+06   -.270130E+06   -.261241E+06   -.252280E+06
    -.243248E+06
    -.363142E+06   -.355044E+06   -.346874E+06   -.338632E+06   -.333397E+06
    -.330318E+06   -.321933E+06   -.313475E+06   -.304946E+06   -.296345E+06
    -.287672E+06   -.278927E+06   -.270110E+06   -.261221E+06   -.252261E+06
    -.243229E+06
    -.363122E+06   -.355024E+06   -.346854E+06   -.338612E+06   -.333377E+06
    -.330298E+06   -.321912E+06   -.313455E+06   -.304926E+06   -.296325E+06
    -.287652E+06   -.278907E+06   -.270090E+06   -.261202E+06   -.252241E+06
    -.243209E+06
    -.363101E+06   -.355003E+06   -.346833E+06   -.338591E+06   -.333357E+06
    -.330278E+06   -.321892E+06   -.313435E+06   -.304906E+06   -.296305E+06
    -.287632E+06   -.278887E+06   -.270070E+06   -.261182E+06   -.252222E+06
    -.243190E+06
    -.363081E+06   -.354983E+06   -.346813E+06   -.338571E+06   -.333336E+06
    -.330257E+06   -.321872E+06   -.313415E+06   -.304886E+06   -.296285E+06
    -.287612E+06   -.278867E+06   -.270051E+06   -.261163E+06   -.252203E+06
    -.243171E+06
    -.363060E+06   -.354962E+06   -.346792E+06   -.338551E+06   -.333316E+06
    -.330237E+06   -.321852E+06   -.313395E+06   -.304866E+06   -.296265E+06
    -.287592E+06   -.278847E+06   -.270031E+06   -.261143E+06   -.252183E+06
    -.243151E+06
    -.363040E+06   -.354942E+06   -.346772E+06   -.338530E+06   -.333296E+06
    -.330217E+06   -.321832E+06   -.313375E+06   -.304846E+06   -.296245E+06
    -.287572E+06   -.278828E+06   -.270011E+06   -.261123E+06   -.252164E+06
    -.243132E+06
    -.363019E+06   -.354921E+06   -.346751E+06   -.338510E+06   -.333275E+06
    -.330197E+06   -.321811E+06   -.313354E+06   -.304826E+06   -.296225E+06
    -.287552E+06   -.278808E+06   -.269992E+06   -.261104E+06   -.252144E+06
    -.243113E+06
    -.362998E+06   -.354901E+06   -.346731E+06   -.338490E+06   -.333255E+06
    -.330176E+06   -.321791E+06   -.313334E+06   -.304805E+06   -.296205E+06
    -.287532E+06   -.278788E+06   -.269972E+06   -.261084E+06   -.252125E+06
    -.243093E+06
    -.362978E+06   -.354880E+06   -.346710E+06   -.338469E+06   -.333235E+06
    -.330156E+06   -.321771E+06   -.313314E+06   -.304785E+06   -.296185E+06
    -.287513E+06   -.278768E+06   -.269952E+06   -.261065E+06   -.252105E+06
    -.243074E+06
    -.362957E+06   -.354860E+06   -.346690E+06   -.338449E+06   -.333214E+06
    -.330136E+06   -.321751E+06   -.313294E+06   -.304765E+06   -.296165E+06
    -.287493E+06   -.278749E+06   -.269933E+06   -.261045E+06   -.252086E+06
    -.243055E+06
    -.362937E+06   -.354839E+06   -.346670E+06   -.338428E+06   -.333194E+06
    -.330115E+06   -.321731E+06   -.313274E+06   -.304745E+06   -.296145E+06
    -.287473E+06   -.278729E+06   -.269913E+06   -.261025E+06   -.252066E+06
    -.243035E+06
    -.362916E+06   -.354819E+06   -.346649E+06   -.338408E+06   -.333174E+06
    -.330095E+06   -.321710E+06   -.313254E+06   -.304725E+06   -.296125E+06
    -.287453E+06   -.278709E+06   -.269893E+06   -.261006E+06   -.252047E+06
    -.243016E+06
 GAS THERMAL CONDUCTIVITY (W/M/K)
     .245068E-01    .245068E-01    .245068E-01    .245068E-01    .245068E-01
     .245068E-01    .245068E-01    .245068E-01    .245068E-01    .245068E-01
     .245068E-01    .245068E-01    .245068E-01    .245068E-01    .245068E-01
     .245068E-01
     .245383E-01    .245383E-01    .245383E-01    .245383E-01    .245383E-01
     .245383E-01    .245383E-01    .245383E-01    .245383E-01    .245383E-01
     .245383E-01    .245383E-01    .245383E-01    .245383E-01    .245383E-01
     .245383E-01
     .245698E-01    .245698E-01    .245698E-01    .245698E-01    .245698E-01
     .245698E-01    .245698E-01    .245698E-01    .245698E-01    .245698E-01
     .245698E-01    .245698E-01    .245698E-01    .245698E-01    .245698E-01
     .245698E-01
     .246013E-01    .246013E-01    .246013E-01    .246013E-01    .246013E-01
     .246013E-01    .246013E-01    .246013E-01    .246013E-01    .246013E-01
     .246013E-01    .246013E-01    .246013E-01    .246013E-01    .246013E-01
     .246013E-01
     .246328E-01    .246328E-01    .246328E-01    .246328E-01    .246328E-01
     .246328E-01    .246328E-01    .246328E-01    .246328E-01    .246328E-01
     .246328E-01    .246328E-01    .246328E-01    .246328E-01    .246328E-01
     .246328E-01
     .246643E-01    .246643E-01    .246643E-01    .246643E-01    .246643E-01
     .246643E-01    .246643E-01    .246643E-01    .246643E-01    .246643E-01
     .246643E-01    .246643E-01    .246643E-01    .246643E-01    .246643E-01
     .246643E-01
     .246958E-01    .246958E-01    .246958E-01    .246958E-01    .246958E-01
     .246958E-01    .246958E-01    .246958E-01    .246958E-01    .246958E-01
     .246958E-01    .246958E-01    .246958E-01    .246958E-01    .246958E-01
     .246958E-01
     .247273E-01    .247273E-01    .247273E-01    .247273E-01    .247273E-01
     .247273E-01    .247273E-01    .247273E-01    .247273E-01    .247273E-01
     .247273E-01    .247273E-01    .247273E-01    .247273E-01    .247273E-01
     .247273E-01
     .247588E-01    .247588E-01    .247588E-01    .247588E-01    .247588E-01
     .247588E-01    .247588E-01    .247588E-01    .247588E-01    .247588E-01
     .247588E-01    .247588E-01    .247588E-01    .247588E-01    .247588E-01
     .247588E-01
     .247903E-01    .247903E-01    .247903E-01    .247903E-01    .247903E-01
     .247903E-01    .247903E-01    .247903E-01    .247903E-01    .247903E-01
     .247903E-01    .247903E-01    .247903E-01    .247903E-01    .247903E-01
     .247903E-01
     .248218E-01    .248218E-01    .248218E-01    .248218E-01    .248218E-01
     .248218E-01    .248218E-01    .248218E-01    .248218E-01    .248218E-01
     .248218E-01    .248218E-01    .248218E-01    .248218E-01    .248218E-01
     .248218E-01
     .248533E-01    .248533E-01    .248533E-01    .248533E-01    .248533E-01
     .248533E-01    .248533E-01    .248533E-01    .248533E-01    .248533E-01
     .248533E-01    .248533E-01    .248533E-01    .248533E-01    .248533E-01
     .248533E-01
     .248848E-01    .248848E-01    .248848E-01    .248848E-01    .248848E-01
     .248848E-01    .248848E-01    .248848E-01    .248848E-01    .248848E-01
     .248848E-01    .248848E-01    .248848E-01    .248848E-01    .248848E-01
     .248848E-01
     .249162E-01    .249162E-01    .249162E-01    .249162E-01    .249162E-01
     .249162E-01    .249162E-01    .249162E-01    .249162E-01    .249162E-01
     .249162E-01    .249162E-01    .249162E-01    .249162E-01    .249162E-01
     .249162E-01
     .249477E-01    .249477E-01    .249477E-01    .249477E-01    .249477E-01
     .249477E-01    .249477E-01    .249477E-01    .249477E-01    .249477E-01
     .249477E-01    .249477E-01    .249477E-01    .249477E-01    .249477E-01
     .249477E-01
     .249792E-01    .249792E-01    .249792E-01    .249792E-01    .249792E-01
     .249792E-01    .249792E-01    .249792E-01    .249792E-01    .249792E-01
     .249792E-01    .249792E-01    .249792E-01    .249792E-01    .249792E-01
     .249792E-01
 LIQUID THERMAL CONDUCTIVITY (W/M/K)
     .122259E+00    .122262E+00    .122264E+00    .122267E+00    .122269E+00
     .122270E+00    .122272E+00    .122275E+00    .122278E+00    .122281E+00
     .122283E+00    .122286E+00    .122289E+00    .122292E+00    .122295E+00
     .122298E+00
     .122270E+00    .122273E+00    .122275E+00    .122278E+00    .122280E+00
     .122281E+00    .122283E+00    .122286E+00    .122289E+00    .122292E+00
     .122295E+00    .122297E+00    .122300E+00    .122303E+00    .122306E+00
     .122309E+00
     .122281E+00    .122284E+00    .122286E+00    .122289E+00    .122291E+00
     .122292E+00    .122294E+00    .122297E+00    .122300E+00    .122303E+00
     .122306E+00    .122308E+00    .122311E+00    .122314E+00    .122317E+00
     .122320E+00
     .122292E+00    .122295E+00    .122297E+00    .122300E+00    .122302E+00
     .122303E+00    .122305E+00    .122308E+00    .122311E+00    .122314E+00
     .122317E+00    .122320E+00    .122322E+00    .122325E+00    .122328E+00
     .122331E+00
     .122303E+00    .122306E+00    .122309E+00    .122311E+00    .122313E+00
     .122314E+00    .122317E+00    .122319E+00    .122322E+00    .122325E+00
     .122328E+00    .122331E+00    .122334E+00    .122336E+00    .122339E+00
     .122343E+00
     .122314E+00    .122317E+00    .122320E+00    .122322E+00    .122324E+00
     .122325E+00    .122328E+00    .122330E+00    .122333E+00    .122336E+00
     .122339E+00    .122342E+00    .122345E+00    .122348E+00    .122351E+00
     .122354E+00
     .122325E+00    .122328E+00    .122331E+00    .122333E+00    .122335E+00
     .122336E+00    .122339E+00    .122341E+00    .122344E+00    .122347E+00
     .122350E+00    .122353E+00    .122356E+00    .122359E+00    .122362E+00
     .122365E+00
     .122337E+00    .122339E+00    .122342E+00    .122344E+00    .122346E+00
     .122347E+00    .122350E+00    .122352E+00    .122355E+00    .122358E+00
     .122361E+00    .122364E+00    .122367E+00    .122370E+00    .122373E+00
     .122376E+00
     .122348E+00    .122350E+00    .122353E+00    .122355E+00    .122357E+00
     .122358E+00    .122361E+00    .122364E+00    .122366E+00    .122369E+00
     .122372E+00    .122375E+00    .122378E+00    .122381E+00    .122384E+00
     .122387E+00
     .122359E+00    .122361E+00    .122364E+00    .122366E+00    .122368E+00
     .122369E+00    .122372E+00    .122375E+00    .122377E+00    .122380E+00
     .122383E+00    .122386E+00    .122389E+00    .122392E+00    .122395E+00
     .122398E+00
     .122370E+00    .122372E+00    .122375E+00    .122378E+00    .122379E+00
     .122380E+00    .122383E+00    .122386E+00    .122388E+00    .122391E+00
     .122394E+00    .122397E+00    .122400E+00    .122403E+00    .122406E+00
     .122409E+00
     .122381E+00    .122383E+00    .122386E+00    .122389E+00    .122390E+00
     .122391E+00    .122394E+00    .122397E+00    .122399E+00    .122402E+00
     .122405E+00    .122408E+00    .122411E+00    .122414E+00    .122417E+00
     .122420E+00
     .122392E+00    .122394E+00    .122397E+00    .122400E+00    .122401E+00
     .122402E+00    .122405E+00    .122408E+00    .122410E+00    .122413E+00
     .122416E+00    .122419E+00    .122422E+00    .122425E+00    .122428E+00
     .122431E+00
     .122403E+00    .122405E+00    .122408E+00    .122411E+00    .122412E+00
     .122413E+00    .122416E+00    .122419E+00    .122422E+00    .122424E+00
     .122427E+00    .122430E+00    .122433E+00    .122436E+00    .122439E+00
     .122442E+00
     .122414E+00    .122416E+00    .122419E+00    .122422E+00    .122423E+00
     .122424E+00    .122427E+00    .122430E+00    .122433E+00    .122435E+00
     .122438E+00    .122441E+00    .122444E+00    .122447E+00    .122450E+00
     .122453E+00
     .122425E+00    .122427E+00    .122430E+00    .122433E+00    .122434E+00
     .122435E+00    .122438E+00    .122441E+00    .122444E+00    .122446E+00
     .122449E+00    .122452E+00    .122455E+00    .122458E+00    .122461E+00
     .122464E+00
 SURFACE TENSION (N/M)
     .252137E-01    .250147E-01    .248131E-01    .246087E-01    .244784E-01
     .244017E-01    .241921E-01    .239798E-01    .237651E-01    .235478E-01
     .233280E-01    .231058E-01    .228811E-01    .226540E-01    .224245E-01
     .221926E-01
     .250892E-01    .248941E-01    .246961E-01    .244952E-01    .243670E-01
     .242915E-01    .240850E-01    .238758E-01    .236639E-01    .234494E-01
     .232323E-01    .230126E-01    .227903E-01    .225656E-01    .223384E-01
     .221088E-01
     .249598E-01    .247690E-01    .245751E-01    .243780E-01    .242521E-01
     .241779E-01    .239748E-01    .237689E-01    .235601E-01    .233486E-01
     .231343E-01    .229173E-01    .226977E-01    .224755E-01    .222507E-01
     .220235E-01
     .248249E-01    .246390E-01    .244495E-01    .242567E-01    .241334E-01
     .240606E-01    .238613E-01    .236589E-01    .234535E-01    .232452E-01
     .230339E-01    .228199E-01    .226031E-01    .223836E-01    .221614E-01
     .219365E-01
     .246835E-01    .245032E-01    .243189E-01    .241308E-01    .240103E-01
     .239391E-01    .237440E-01    .235455E-01    .233438E-01    .231390E-01
     .229310E-01    .227201E-01    .225063E-01    .222896E-01    .220701E-01
     .218479E-01
     .245347E-01    .243608E-01    .241824E-01    .239998E-01    .238825E-01
     .238131E-01    .236226E-01    .234284E-01    .232308E-01    .230297E-01
     .228253E-01    .226178E-01    .224072E-01    .221936E-01    .219770E-01
     .217575E-01
     .243771E-01    .242108E-01    .240393E-01    .238628E-01    .237492E-01
     .236818E-01    .234965E-01    .233072E-01    .231140E-01    .229171E-01
     .227166E-01    .225128E-01    .223056E-01    .220952E-01    .218817E-01
     .216653E-01
     .242088E-01    .240517E-01    .238883E-01    .237191E-01    .236096E-01
     .235446E-01    .233652E-01    .231813E-01    .229930E-01    .228007E-01
     .226046E-01    .224047E-01    .222013E-01    .219944E-01    .217843E-01
     .215709E-01
     .240271E-01    .238815E-01    .237280E-01    .235674E-01    .234628E-01
     .234005E-01    .232279E-01    .230501E-01    .228675E-01    .226803E-01
     .224889E-01    .222934E-01    .220940E-01    .218910E-01    .216844E-01
     .214744E-01
     .238283E-01    .236975E-01    .235562E-01    .234061E-01    .233074E-01
     .232483E-01    .230837E-01    .229130E-01    .227367E-01    .225553E-01
     .223691E-01    .221784E-01    .219835E-01    .217846E-01    .215819E-01
     .213756E-01
     .236060E-01    .234954E-01    .233702E-01    .232332E-01    .231417E-01
     .230864E-01    .229313E-01    .227689E-01    .225999E-01    .224251E-01
     .222448E-01    .220595E-01    .218695E-01    .216751E-01    .214766E-01
     .212742E-01
     .233487E-01    .232683E-01    .231653E-01    .230455E-01    .229631E-01
     .229127E-01    .227692E-01    .226166E-01    .224563E-01    .222889E-01
     .221153E-01    .219360E-01    .217515E-01    .215622E-01    .213682E-01
     .211700E-01
     .230308E-01    .230033E-01    .229340E-01    .228383E-01    .227680E-01
     .227239E-01    .225951E-01    .224546E-01    .223044E-01    .221459E-01
     .219800E-01    .218076E-01    .216292E-01    .214453E-01    .212564E-01
     .210629E-01
     .225570E-01    .226698E-01    .226620E-01    .226036E-01    .225506E-01
     .225151E-01    .224056E-01    .222805E-01    .221428E-01    .219948E-01
     .218379E-01    .216733E-01    .215019E-01    .213242E-01    .211409E-01
     .209524E-01
     .211681E-06    .221277E-01    .223132E-01    .223255E-01    .223002E-01
     .222777E-01    .221959E-01    .220910E-01    .219692E-01    .218341E-01
     .216879E-01    .215325E-01    .213690E-01    .211983E-01    .210212E-01
     .208383E-01
     .211330E-06    .261891E-06    .216655E-01    .219627E-01    .219944E-01
     .219950E-01    .219570E-01    .218811E-01    .217803E-01    .216615E-01
     .215284E-01    .213838E-01    .212296E-01    .210669E-01    .208969E-01
     .207202E-01
 GAS ENTROPY (J/KG/C)
     .901515E+03    .901515E+03    .901515E+03    .901515E+03    .901515E+03
     .901515E+03    .901515E+03    .901515E+03    .901515E+03    .901515E+03
     .901515E+03    .901515E+03    .901515E+03    .901515E+03    .901515E+03
     .901515E+03
     .881417E+03    .881417E+03    .881417E+03    .881417E+03    .881417E+03
     .881417E+03    .881417E+03    .881417E+03    .881417E+03    .881417E+03
     .881417E+03    .881417E+03    .881417E+03    .881417E+03    .881417E+03
     .881417E+03
     .861319E+03    .861319E+03    .861319E+03    .861319E+03    .861319E+03
     .861319E+03    .861319E+03    .861319E+03    .861319E+03    .861319E+03
     .861319E+03    .861319E+03    .861319E+03    .861319E+03    .861319E+03
     .861319E+03
     .841221E+03    .841221E+03    .841221E+03    .841221E+03    .841221E+03
     .841221E+03    .841221E+03    .841221E+03    .841221E+03    .841221E+03
     .841221E+03    .841221E+03    .841221E+03    .841221E+03    .841221E+03
     .841221E+03
     .821123E+03    .821123E+03    .821123E+03    .821123E+03    .821123E+03
     .821123E+03    .821123E+03    .821123E+03    .821123E+03    .821123E+03
     .821123E+03    .821123E+03    .821123E+03    .821123E+03    .821123E+03
     .821123E+03
     .801025E+03    .801025E+03    .801025E+03    .801025E+03    .801025E+03
     .801025E+03    .801025E+03    .801025E+03    .801025E+03    .801025E+03
     .801025E+03    .801025E+03    .801025E+03    .801025E+03    .801025E+03
     .801025E+03
     .780927E+03    .780927E+03    .780927E+03    .780927E+03    .780927E+03
     .780927E+03    .780927E+03    .780927E+03    .780927E+03    .780927E+03
     .780927E+03    .780927E+03    .780927E+03    .780927E+03    .780927E+03
     .780927E+03
     .760829E+03    .760829E+03    .760829E+03    .760829E+03    .760829E+03
     .760829E+03    .760829E+03    .760829E+03    .760829E+03    .760829E+03
     .760829E+03    .760829E+03    .760829E+03    .760829E+03    .760829E+03
     .760829E+03
     .740731E+03    .740731E+03    .740731E+03    .740731E+03    .740731E+03
     .740731E+03    .740731E+03    .740731E+03    .740731E+03    .740731E+03
     .740731E+03    .740731E+03    .740731E+03    .740731E+03    .740731E+03
     .740731E+03
     .720633E+03    .720633E+03    .720633E+03    .720633E+03    .720633E+03
     .720633E+03    .720633E+03    .720633E+03    .720633E+03    .720633E+03
     .720633E+03    .720633E+03    .720633E+03    .720633E+03    .720633E+03
     .720633E+03
     .700535E+03    .700535E+03    .700535E+03    .700535E+03    .700535E+03
     .700535E+03    .700535E+03    .700535E+03    .700535E+03    .700535E+03
     .700535E+03    .700535E+03    .700535E+03    .700535E+03    .700535E+03
     .700535E+03
     .680437E+03    .680437E+03    .680437E+03    .680437E+03    .680437E+03
     .680437E+03    .680437E+03    .680437E+03    .680437E+03    .680437E+03
     .680437E+03    .680437E+03    .680437E+03    .680437E+03    .680437E+03
     .680437E+03
     .660339E+03    .660339E+03    .660339E+03    .660339E+03    .660339E+03
     .660339E+03    .660339E+03    .660339E+03    .660339E+03    .660339E+03
     .660339E+03    .660339E+03    .660339E+03    .660339E+03    .660339E+03
     .660339E+03
     .640241E+03    .640241E+03    .640241E+03    .640241E+03    .640241E+03
     .640241E+03    .640241E+03    .640241E+03    .640241E+03    .640241E+03
     .640241E+03    .640241E+03    .640241E+03    .640241E+03    .640241E+03
     .640241E+03
     .620143E+03    .620143E+03    .620143E+03    .620143E+03    .620143E+03
     .620143E+03    .620143E+03    .620143E+03    .620143E+03    .620143E+03
     .620143E+03    .620143E+03    .620143E+03    .620143E+03    .620143E+03
     .620143E+03
     .600045E+03    .600045E+03    .600045E+03    .600045E+03    .600045E+03
     .600045E+03    .600045E+03    .600045E+03    .600045E+03    .600045E+03
     .600045E+03    .600045E+03    .600045E+03    .600045E+03    .600045E+03
     .600045E+03
 LIQUID ENTROPY (J/KG/C)
    -.676035E+03   -.646616E+03   -.617392E+03   -.588356E+03   -.570138E+03
    -.559503E+03   -.530826E+03   -.502322E+03   -.473985E+03   -.445810E+03
    -.417793E+03   -.389929E+03   -.362215E+03   -.334647E+03   -.307220E+03
    -.279932E+03
    -.676046E+03   -.646628E+03   -.617404E+03   -.588368E+03   -.570151E+03
    -.559515E+03   -.530839E+03   -.502335E+03   -.473998E+03   -.445823E+03
    -.417806E+03   -.389943E+03   -.362229E+03   -.334661E+03   -.307235E+03
    -.279948E+03
    -.676057E+03   -.646639E+03   -.617416E+03   -.588380E+03   -.570163E+03
    -.559527E+03   -.530852E+03   -.502348E+03   -.474011E+03   -.445837E+03
    -.417820E+03   -.389957E+03   -.362244E+03   -.334676E+03   -.307250E+03
    -.279963E+03
    -.676069E+03   -.646651E+03   -.617428E+03   -.588392E+03   -.570175E+03
    -.559540E+03   -.530864E+03   -.502361E+03   -.474024E+03   -.445850E+03
    -.417834E+03   -.389971E+03   -.362258E+03   -.334691E+03   -.307265E+03
    -.279978E+03
    -.676080E+03   -.646663E+03   -.617439E+03   -.588404E+03   -.570187E+03
    -.559552E+03   -.530877E+03   -.502374E+03   -.474037E+03   -.445863E+03
    -.417847E+03   -.389985E+03   -.362272E+03   -.334705E+03   -.307280E+03
    -.279993E+03
    -.676091E+03   -.646674E+03   -.617451E+03   -.588417E+03   -.570200E+03
    -.559564E+03   -.530889E+03   -.502386E+03   -.474050E+03   -.445877E+03
    -.417861E+03   -.389999E+03   -.362287E+03   -.334720E+03   -.307295E+03
    -.280009E+03
    -.676103E+03   -.646686E+03   -.617463E+03   -.588429E+03   -.570212E+03
    -.559577E+03   -.530902E+03   -.502399E+03   -.474064E+03   -.445890E+03
    -.417875E+03   -.390013E+03   -.362301E+03   -.334735E+03   -.307310E+03
    -.280024E+03
    -.676114E+03   -.646697E+03   -.617475E+03   -.588441E+03   -.570224E+03
    -.559589E+03   -.530915E+03   -.502412E+03   -.474077E+03   -.445904E+03
    -.417889E+03   -.390027E+03   -.362315E+03   -.334749E+03   -.307325E+03
    -.280039E+03
    -.676125E+03   -.646709E+03   -.617487E+03   -.588453E+03   -.570236E+03
    -.559601E+03   -.530927E+03   -.502425E+03   -.474090E+03   -.445917E+03
    -.417902E+03   -.390041E+03   -.362330E+03   -.334764E+03   -.307340E+03
    -.280054E+03
    -.676137E+03   -.646720E+03   -.617498E+03   -.588465E+03   -.570248E+03
    -.559614E+03   -.530940E+03   -.502438E+03   -.474103E+03   -.445930E+03
    -.417916E+03   -.390055E+03   -.362344E+03   -.334778E+03   -.307355E+03
    -.280070E+03
    -.676148E+03   -.646732E+03   -.617510E+03   -.588477E+03   -.570261E+03
    -.559626E+03   -.530952E+03   -.502451E+03   -.474116E+03   -.445944E+03
    -.417930E+03   -.390069E+03   -.362358E+03   -.334793E+03   -.307370E+03
    -.280085E+03
    -.676159E+03   -.646744E+03   -.617522E+03   -.588489E+03   -.570273E+03
    -.559638E+03   -.530965E+03   -.502463E+03   -.474129E+03   -.445957E+03
    -.417943E+03   -.390083E+03   -.362372E+03   -.334807E+03   -.307385E+03
    -.280100E+03
    -.676171E+03   -.646755E+03   -.617534E+03   -.588501E+03   -.570285E+03
    -.559651E+03   -.530977E+03   -.502476E+03   -.474142E+03   -.445971E+03
    -.417957E+03   -.390097E+03   -.362387E+03   -.334822E+03   -.307399E+03
    -.280115E+03
    -.676182E+03   -.646767E+03   -.617546E+03   -.588513E+03   -.570297E+03
    -.559663E+03   -.530990E+03   -.502489E+03   -.474155E+03   -.445984E+03
    -.417971E+03   -.390111E+03   -.362401E+03   -.334837E+03   -.307414E+03
    -.280130E+03
    -.676193E+03   -.646778E+03   -.617557E+03   -.588525E+03   -.570309E+03
    -.559675E+03   -.531002E+03   -.502502E+03   -.474168E+03   -.445997E+03
    -.417984E+03   -.390125E+03   -.362415E+03   -.334851E+03   -.307429E+03
    -.280146E+03
    -.676205E+03   -.646790E+03   -.617569E+03   -.588537E+03   -.570322E+03
    -.559687E+03   -.531015E+03   -.502515E+03   -.474181E+03   -.446011E+03
    -.417998E+03   -.390139E+03   -.362429E+03   -.334866E+03   -.307444E+03
    -.280161E+03

